# Top of mask
bezier
100 300 85 524 415 524 400 300
bezier
225 466 234.5 459 236.6 366.4 235 280
bezier
275 466 265.5 459 263.4 366.4 265 280
# Cape around head thing
bezier
100 300 71 265 38 157 30 100
bezier
400 300 429 265 462 157 470 100
bezier
70 80 53 83 43 90 30 100
bezier
430 80 447 83 457 90 470 100
bezier
70 80 76 160 136 332 250 230
bezier
430 80 424 160 364 332 250 230
bezier
70 80 75 109 125 124 150 115
bezier
430 80 425 109 375 124 350 115
# "eyebrows"
bezier
120 290 183 298 189 309 247 260
bezier
380 290 317 298 311 309 253 260
# head
line
130 236 0 130 170 0
line
370 236 0 370 170 0
line
174 50 0 130 170 0
line
326 50 0 370 170 0
line
326 50 0 174 50 0
line
326 50 0 250 15 0
line
174 50 0 250 15 0

# face
circle
180 56 0 6
circle
320 56 0 6
line
183 60 0 317 60 0
line
183 60 0 245 130 0
line
317 60 0 255 130 0
circle
250 135 0 6
bezier
150 252 125 171 249 226 235 242
bezier
350 252 375 171 251 226 265 242

# Mouth lines
line
250 60 0 250 130 0
line
206 60 0 206 86 0
line
229 60 0 229 112 0
line
294 60 0 294 86 0
line
271 60 0 271 112 0

# face "wrinkles"
bezier
140 200 167 175 176 179 220 205
bezier
360 200 333 175 324 179 280 205
bezier
240 220 253 224 247 224 260 220
bezier
240 210 253 214 247 214 260 210
bezier
240 200 253 204 247 204 260 200
bezier
140 170 159 127 184 179 240 175
bezier
360 170 341 127 316 179 260 175
bezier
185 90 188 124 215 173 240 175
bezier
315 90 312 124 285 173 260 175
display
save
darth.ppm
quit
